// table generated by BarnCalcs
// A=30.155100, B=30.356000, Cinitial=6.507000
// 10560 steps/rev, 7.874016 threads/cm
// interval: 256 steps
// runtime: 70.016956 minutes
const PROGMEM uint8_t offset_table[607] = { 9,4,17,4,7,5,16,7,8,11,4,41,7,8,9,4,17,4,3,5,18,7,6,7,4,15,4,11,5,14,7,6,9,4,39,7,8,9,4,39,5,6,7,4,9,4,25,5,10,7,4,9,4,33,7,8,9,4,39,7,6,9,4,35,5,6,7,4,11,4,19,5,8,5,4,7,4,39,7,6,9,4,31,5,6,7,4,11,4,17,5,10,7,4,9,4,25,5,6,5,4,9,4,29,5,6,9,4,15,4,3,5,14,7,6,17,4,5,5,14,7,6,17,4,5,5,12,5,4,7,4,33,5,6,9,4,31,7,6,9,4,25,5,8,9,4,31,5,6,9,4,29,7,6,7,4,27,5,6,7,4,35,5,4,7,4,29,5,6,9,4,27,7,6,9,4,23,5,6,7,4,33,5,6,13,4,11,5,10,7,4,11,4,9,5,10,7,6,31,5,6,11,4,19,5,6,7,4,33,7,6,33,7,6,35,7,4,9,4,13,5,8,7,4,33,7,6,31,7,6,33,5,4,9,4,17,5,8,9,4,23,5,6,11,4,15,5,8,9,4,25,7,6,33,7,6,27,5,6,13,4,9,5,8,7,4,31,7,4,31,7,4,31,7,6,25,5,6,13,4,7,5,10,9,4,23,5,6,35,9,4,23,5,6,33,7,6,23,5,6,15,4,3,5,10,7,4,25,5,6,31,7,4,29,7,4,27,7,6,25,7,6,25,7,6,29,9,4,23,7,6,25,7,6,25,5,4,9,4,11,5,8,11,4,11,5,6,7,4,21,5,6,29,7,6,19,5,6,9,4,11,5,8,9,4,13,5,8,33,9,4,15,5,6,9,4,13,5,6,9,4,13,5,6,9,4,13,5,6,9,4,11,5,8,13,4,3,5,10,9,4,15,5,6,29,7,4,23,5,4,27,7,4,23,7,4,25,9,4,17,5,6,27,7,4,21,7,6,19,5,6,27,7,4,21,5,4,27,7,4,21,7,4,21,5,4,27,7,4,19,7,6,19,7,6,21,7,6,17,5,6,27,9,4,15,7,6,21,7,4,23,7,4,19,7,6,17,5,4,9,4,5,5,8,7,4,13,5,6,27,7,4,17,7,4,23,7,4,17,5,4,27,9,4,11,5,6,25,7,4,17,7,6,17,7,6,19,7,4,21,7,4,19,9,4,15,5,4,27,29,29,29,27,7,4,13,5,6,23,9,4,13,7,6,17,7,6,15,7,6,19,7,4,17,7,6,13,5,6,25,29,27,11,4,3,5,8,25,9,4,9,5,6,23,7,4,15,7,4,19,9,4,11,5,6,21,9,4,11,5,6,21,9,4,11,5,4,25,27,27,25,9,4,5,5,8,23 };

const uint8_t first_update = 02;     // num intervals to first change
const uint16_t baseval = 5485 - 100; // start value - 100us pulse high time

